function MLATMB_revised_nov2004
%  INITIALIZES THE 6 BUILT-IN ATMOSPHERIC PROFILES (FROM 'OPTICAL PROPERTIES
%  OF THE ATMOSPHERE, THIRD EDITION' AFCRL-72-0497 (AD 753 075),
%  'U.S. STANDARD ATMOSPHERE 1976' and 'SUPPLEMENTS 1966')
%  IT HAS BEEN MODIFIED FROM LOWTRAN7 BLOCK DATA THAT ALSO INCLUDES
%  COLLECTED CONSTITUENT PROFILES (REF), AND SETS OTHER CONSTANTS
%  RELATED TO THE ATMOSPHERIC PROFILES

global ALT PMATM TMATM H2OPPMV CO2PPMV O3PPMV N2OPPMV CH4PPMV

ALT(1:26) = [0:1:25];
ALT(27:36) = [27.5:2.5:50];
ALT(37:50) = [55:5:120];

P1 = [1.013E+03, 9.040E+02, 8.050E+02, 7.150E+02, 6.330E+02,...
      5.590E+02, 4.920E+02, 4.320E+02, 3.780E+02, 3.290E+02,...
      2.860E+02, 2.470E+02, 2.130E+02, 1.820E+02, 1.560E+02,...
      1.320E+02, 1.110E+02, 9.370E+01, 7.890E+01, 6.660E+01,...
      5.650E+01, 4.800E+01, 4.090E+01, 3.500E+01, 3.000E+01,...
      2.570E+01, 1.763E+01, 1.220E+01, 8.520E+00, 6.000E+00,...
      4.260E+00, 3.050E+00, 2.200E+00, 1.590E+00, 1.160E+00,...
      8.540E-01, 4.560E-01, 2.390E-01, 1.210E-01, 5.800E-02,...
      2.600E-02, 1.100E-02, 4.400E-03, 1.720E-03, 6.880E-04,...
      2.890E-04, 1.300E-04, 6.470E-05, 3.600E-05, 2.250E-05];

P2 = [1.013E+03, 9.020E+02, 8.020E+02, 7.100E+02, 6.280E+02,...
      5.540E+02, 4.870E+02, 4.260E+02, 3.720E+02, 3.240E+02,...
      2.810E+02, 2.430E+02, 2.090E+02, 1.790E+02, 1.530E+02,...
      1.300E+02, 1.110E+02, 9.500E+01, 8.120E+01, 6.950E+01,...
      5.950E+01, 5.100E+01, 4.370E+01, 3.760E+01, 3.220E+01,...
      2.770E+01, 1.907E+01, 1.320E+01, 9.300E+00, 6.520E+00,...
      4.640E+00, 3.330E+00, 2.410E+00, 1.760E+00, 1.290E+00,...
      9.510E-01, 5.150E-01, 2.720E-01, 1.390E-01, 6.700E-02,...
      3.000E-02, 1.200E-02, 4.480E-03, 1.640E-03, 6.250E-04,...
      2.580E-04, 1.170E-04, 6.110E-05, 3.560E-05, 2.270E-05];

P3 = [1.018E+03, 8.973E+02, 7.897E+02, 6.938E+02, 6.081E+02,...
      5.313E+02, 4.627E+02, 4.016E+02, 3.473E+02, 2.993E+02,...
      2.568E+02, 2.199E+02, 1.882E+02, 1.611E+02, 1.378E+02,...
      1.178E+02, 1.007E+02, 8.610E+01, 7.360E+01, 6.280E+01,...
      5.370E+01, 4.580E+01, 3.910E+01, 3.340E+01, 2.860E+01,...
      2.440E+01, 1.646E+01, 1.110E+01, 7.560E+00, 5.180E+00,...
      3.600E+00, 2.530E+00, 1.800E+00, 1.290E+00, 9.400E-01,...
      6.830E-01, 3.620E-01, 1.880E-01, 9.500E-02, 4.700E-02,...
      2.220E-02, 1.030E-02, 4.560E-03, 1.980E-03, 8.770E-04,...
      4.074E-04, 2.000E-04, 1.057E-04, 5.980E-05, 3.600E-05];

P4 = [1.010E+03, 8.960E+02, 7.929E+02, 7.000E+02, 6.160E+02,...
      5.410E+02, 4.740E+02, 4.130E+02, 3.590E+02, 3.108E+02,...
      2.677E+02, 2.300E+02, 1.977E+02, 1.700E+02, 1.460E+02,...
      1.260E+02, 1.080E+02, 9.280E+01, 7.980E+01, 6.860E+01,...
      5.900E+01, 5.070E+01, 4.360E+01, 3.750E+01, 3.228E+01,...
      2.780E+01, 1.923E+01, 1.340E+01, 9.400E+00, 6.610E+00,...
      4.720E+00, 3.400E+00, 2.480E+00, 1.820E+00, 1.340E+00,...
      9.870E-01, 5.370E-01, 2.880E-01, 1.470E-01, 7.100E-02,...
      3.200E-02, 1.250E-02, 4.510E-03, 1.610E-03, 6.060E-04,...
      2.480E-04, 1.130E-04, 6.000E-05, 3.540E-05, 2.260E-05];

P5 = [1.013E+03, 8.878E+02, 7.775E+02, 6.798E+02, 5.932E+02,...
      5.158E+02, 4.467E+02, 3.853E+02, 3.308E+02, 2.829E+02,...
      2.418E+02, 2.067E+02, 1.766E+02, 1.510E+02, 1.291E+02,...
      1.103E+02, 9.431E+01, 8.058E+01, 6.882E+01, 5.875E+01,...
      5.014E+01, 4.277E+01, 3.647E+01, 3.109E+01, 2.649E+01,...
      2.256E+01, 1.513E+01, 1.020E+01, 6.910E+00, 4.701E+00,...
      3.230E+00, 2.243E+00, 1.570E+00, 1.113E+00, 7.900E-01,...
      5.719E-01, 2.990E-01, 1.550E-01, 7.900E-02, 4.000E-02,...
      2.000E-02, 9.660E-03, 4.500E-03, 2.022E-03, 9.070E-04,...
      4.230E-04, 2.070E-04, 1.080E-04, 6.000E-05, 3.590E-05];

P6 = [1.013E+03, 8.988E+02, 7.950E+02, 7.012E+02, 6.166E+02,...
      5.405E+02, 4.722E+02, 4.111E+02, 3.565E+02, 3.080E+02,...
      2.650E+02, 2.270E+02, 1.940E+02, 1.658E+02, 1.417E+02,...
      1.211E+02, 1.035E+02, 8.850E+01, 7.565E+01, 6.467E+01,...
      5.529E+01, 4.729E+01, 4.047E+01, 3.467E+01, 2.972E+01,...
      2.549E+01, 1.743E+01, 1.197E+01, 8.010E+00, 5.746E+00,...
      4.150E+00, 2.871E+00, 2.060E+00, 1.491E+00, 1.090E+00,...
      7.978E-01, 4.250E-01, 2.190E-01, 1.090E-01, 5.220E-02,...
      2.400E-02, 1.050E-02, 4.460E-03, 1.840E-03, 7.600E-04,...
      3.200E-04, 1.450E-04, 7.100E-05, 4.010E-05, 2.540E-05];

T1 = [299.70,    293.70,    287.70,    283.70,    277.00,...
      270.30,    263.60,    257.00,    250.30,    243.60,...
      237.00,    230.10,    223.60,    217.00,    210.30,...
      203.70,    197.00,    194.80,    198.80,    202.70,...
      206.70,    210.70,    214.60,    217.00,    219.20,...
      221.40,    227.00,    232.30,    237.70,    243.10,...
      248.50,    254.00,    259.40,    264.80,    269.60,...
      270.20,    263.40,    253.10,    236.00,    218.90,...
      201.80,    184.80,    177.10,    177.00,    184.30,...
      190.70,    212.00,    241.60,    299.70,    380.00];

T2 = [294.20,    289.70,    285.20,    279.20,    273.20,...
      267.20,    261.20,    254.70,    248.20,    241.70,...
      235.30,    228.80,    222.30,    215.80,    215.70,...
      215.70,    215.70,    215.70,    216.80,    217.90,...
      219.20,    220.40,    221.60,    222.80,    223.90,...
      225.10,    228.45,    233.70,    239.00,    245.20,...
      251.30,    257.50,    263.70,    269.90,    275.20,...
      275.70,    269.30,    257.10,    240.10,    218.10,...
      196.10,    174.10,    165.10,    165.00,    178.30,...
      190.50,    222.20,    262.40,    316.80,    380.00];

T3 = [272.20,    268.70,    265.20,    261.70,    255.70,...
      249.70,    243.70,    237.70,    231.70,    225.70,...
      219.70,    219.20,    218.70,    218.20,    217.70,...
      217.20,    216.70,    216.20,    215.70,    215.20,...
      215.20,    215.20,    215.20,    215.20,    215.20,...
      215.20,    215.50,    217.40,    220.40,    227.90,...
      235.50,    243.20,    250.80,    258.50,    265.10,...
      265.70,    260.60,    250.80,    240.90,    230.70,...
      220.40,    210.10,    199.80,    199.50,    208.30,...
      218.60,    237.10,    259.50,    293.00,    333.00];

T4 = [287.20,    281.70,    276.30,    270.90,    265.50,...
      260.10,    253.10,    246.10,    239.20,    232.20,...
      225.20,    225.20,    225.20,    225.20,    225.20,...
      225.20,    225.20,    225.20,    225.20,    225.20,...
      225.20,    225.20,    225.20,    225.20,    226.60,...
      228.10,    231.00,    235.10,    240.00,    247.20,...
      254.60,    262.10,    269.50,    273.60,    276.20,...
      277.20,    274.00,    262.70,    239.70,    216.60,...
      193.60,    170.60,    161.70,    161.60,    176.80,...
      190.40,    226.00,    270.10,    322.70,    380.00];

T5 = [257.20,    259.10,    255.90,    252.70,    247.70,...
      240.90,    234.10,    227.30,    220.60,    217.20,...
      217.20,    217.20,    217.20,    217.20,    217.20,...
      217.20,    216.60,    216.00,    215.40,    214.80,...
      214.20,    213.60,    213.00,    212.40,    211.80,...
      211.20,    213.60,    216.00,    218.50,    222.30,...
      228.50,    234.70,    240.80,    247.00,    253.20,...
      259.30,    259.10,    250.90,    248.40,    245.40,...
      234.70,    223.90,    213.10,    202.30,    211.00,...
      218.50,    234.00,    252.60,    288.50,    333.00];

